       x       rho           u      p
         0    1.0000         0    1.0000
    0.0020    1.0000         0    1.0000
    0.0040    1.0000         0    1.0000
    0.0060    1.0000         0    1.0000
    0.0080    1.0000         0    1.0000
    0.0100    1.0000         0    1.0000
    0.0120    1.0000         0    1.0000
    0.0140    1.0000         0    1.0000
    0.0160    1.0000         0    1.0000
    0.0180    1.0000         0    1.0000
    0.0200    1.0000         0    1.0000
    0.0220    1.0000         0    1.0000
    0.0240    1.0000         0    1.0000
    0.0260    1.0000         0    1.0000
    0.0280    1.0000         0    1.0000
    0.0300    1.0000         0    1.0000
    0.0320    1.0000         0    1.0000
    0.0340    1.0000         0    1.0000
    0.0360    1.0000         0    1.0000
    0.0380    1.0000         0    1.0000
    0.0400    1.0000         0    1.0000
    0.0420    1.0000         0    1.0000
    0.0440    1.0000         0    1.0000
    0.0460    1.0000         0    1.0000
    0.0480    1.0000         0    1.0000
    0.0500    1.0000         0    1.0000
    0.0520    1.0000         0    1.0000
    0.0540    1.0000         0    1.0000
    0.0560    1.0000         0    1.0000
    0.0580    1.0000         0    1.0000
    0.0600    1.0000         0    1.0000
    0.0620    1.0000         0    1.0000
    0.0640    1.0000         0    1.0000
    0.0660    1.0000         0    1.0000
    0.0680    1.0000         0    1.0000
    0.0700    1.0000         0    1.0000
    0.0720    1.0000         0    1.0000
    0.0740    1.0000         0    1.0000
    0.0760    1.0000         0    1.0000
    0.0780    1.0000         0    1.0000
    0.0800    1.0000         0    1.0000
    0.0820    1.0000         0    1.0000
    0.0840    1.0000         0    1.0000
    0.0860    1.0000         0    1.0000
    0.0880    1.0000         0    1.0000
    0.0900    1.0000         0    1.0000
    0.0920    1.0000         0    1.0000
    0.0940    1.0000         0    1.0000
    0.0960    1.0000         0    1.0000
    0.0980    1.0000         0    1.0000
    0.1000    1.0000         0    1.0000
    0.1020    1.0000         0    1.0000
    0.1040    1.0000         0    1.0000
    0.1060    1.0000         0    1.0000
    0.1080    1.0000         0    1.0000
    0.1100    1.0000         0    1.0000
    0.1120    1.0000         0    1.0000
    0.1140    1.0000         0    1.0000
    0.1160    1.0000         0    1.0000
    0.1180    1.0000         0    1.0000
    0.1200    1.0000         0    1.0000
    0.1220    1.0000         0    1.0000
    0.1240    1.0000         0    1.0000
    0.1260    1.0000         0    1.0000
    0.1280    1.0000         0    1.0000
    0.1300    1.0000         0    1.0000
    0.1320    1.0000         0    1.0000
    0.1340    1.0000         0    1.0000
    0.1360    1.0000         0    1.0000
    0.1380    1.0000         0    1.0000
    0.1400    1.0000         0    1.0000
    0.1420    1.0000         0    1.0000
    0.1440    1.0000         0    1.0000
    0.1460    1.0000         0    1.0000
    0.1480    1.0000         0    1.0000
    0.1500    1.0000         0    1.0000
    0.1520    1.0000         0    1.0000
    0.1540    1.0000         0    1.0000
    0.1560    1.0000         0    1.0000
    0.1580    1.0000         0    1.0000
    0.1600    1.0000         0    1.0000
    0.1620    1.0000         0    1.0000
    0.1640    1.0000         0    1.0000
    0.1660    1.0000         0    1.0000
    0.1680    1.0000         0    1.0000
    0.1700    1.0000         0    1.0000
    0.1720    1.0000         0    1.0000
    0.1740    1.0000         0    1.0000
    0.1760    1.0000         0    1.0000
    0.1780    1.0000         0    1.0000
    0.1800    1.0000         0    1.0000
    0.1820    1.0000         0    1.0000
    0.1840    1.0000         0    1.0000
    0.1860    1.0000         0    1.0000
    0.1880    1.0000         0    1.0000
    0.1900    1.0000         0    1.0000
    0.1920    1.0000         0    1.0000
    0.1940    1.0000         0    1.0000
    0.1960    1.0000         0    1.0000
    0.1980    1.0000         0    1.0000
    0.2000    1.0000         0    1.0000
    0.2020    1.0000         0    1.0000
    0.2040    1.0000         0    1.0000
    0.2060    1.0000         0    1.0000
    0.2080    1.0000         0    1.0000
    0.2100    1.0000         0    1.0000
    0.2120    1.0000         0    1.0000
    0.2140    1.0000         0    1.0000
    0.2160    1.0000         0    1.0000
    0.2180    1.0000         0    1.0000
    0.2200    1.0000         0    1.0000
    0.2220    1.0000         0    1.0000
    0.2240    1.0000         0    1.0000
    0.2260    1.0000         0    1.0000
    0.2280    1.0000         0    1.0000
    0.2300    1.0000         0    1.0000
    0.2320    1.0000         0    1.0000
    0.2340    1.0000         0    1.0000
    0.2360    1.0000         0    1.0000
    0.2380    1.0000         0    1.0000
    0.2400    1.0000         0    1.0000
    0.2420    1.0000         0    1.0000
    0.2440    1.0000         0    1.0000
    0.2460    1.0000         0    1.0000
    0.2480    1.0000         0    1.0000
    0.2500    1.0000         0    1.0000
    0.2520    1.0000         0    1.0000
    0.2540    1.0000         0    1.0000
    0.2560    1.0000         0    1.0000
    0.2580    1.0000         0    1.0000
    0.2600    1.0000         0    1.0000
    0.2620    1.0000         0    1.0000
    0.2640    0.9977    0.0027    0.9968
    0.2660    0.9907    0.0110    0.9870
    0.2680    0.9838    0.0193    0.9773
    0.2700    0.9768    0.0277    0.9677
    0.2720    0.9699    0.0360    0.9582
    0.2740    0.9631    0.0443    0.9487
    0.2760    0.9563    0.0527    0.9393
    0.2780    0.9495    0.0610    0.9300
    0.2800    0.9427    0.0693    0.9208
    0.2820    0.9361    0.0777    0.9116
    0.2840    0.9294    0.0860    0.9026
    0.2860    0.9228    0.0943    0.8936
    0.2880    0.9162    0.1027    0.8847
    0.2900    0.9096    0.1110    0.8758
    0.2920    0.9031    0.1193    0.8671
    0.2940    0.8966    0.1277    0.8584
    0.2960    0.8902    0.1360    0.8498
    0.2980    0.8838    0.1443    0.8412
    0.3000    0.8775    0.1527    0.8327
    0.3020    0.8711    0.1610    0.8244
    0.3040    0.8648    0.1693    0.8160
    0.3060    0.8586    0.1777    0.8078
    0.3080    0.8524    0.1860    0.7996
    0.3100    0.8462    0.1943    0.7915
    0.3120    0.8400    0.2027    0.7835
    0.3140    0.8339    0.2110    0.7755
    0.3160    0.8279    0.2193    0.7676
    0.3180    0.8218    0.2277    0.7598
    0.3200    0.8158    0.2360    0.7520
    0.3220    0.8099    0.2443    0.7443
    0.3240    0.8039    0.2527    0.7367
    0.3260    0.7980    0.2610    0.7292
    0.3280    0.7922    0.2693    0.7217
    0.3300    0.7863    0.2777    0.7143
    0.3320    0.7805    0.2860    0.7069
    0.3340    0.7748    0.2943    0.6996
    0.3360    0.7691    0.3027    0.6924
    0.3380    0.7634    0.3110    0.6852
    0.3400    0.7577    0.3193    0.6781
    0.3420    0.7521    0.3277    0.6711
    0.3440    0.7465    0.3360    0.6641
    0.3460    0.7409    0.3443    0.6572
    0.3480    0.7354    0.3527    0.6503
    0.3500    0.7299    0.3610    0.6436
    0.3520    0.7245    0.3693    0.6368
    0.3540    0.7190    0.3777    0.6302
    0.3560    0.7136    0.3860    0.6236
    0.3580    0.7083    0.3943    0.6170
    0.3600    0.7030    0.4027    0.6105
    0.3620    0.6977    0.4110    0.6041
    0.3640    0.6924    0.4193    0.5977
    0.3660    0.6872    0.4277    0.5914
    0.3680    0.6820    0.4360    0.5851
    0.3700    0.6768    0.4443    0.5789
    0.3720    0.6717    0.4527    0.5728
    0.3740    0.6665    0.4610    0.5667
    0.3760    0.6615    0.4693    0.5607
    0.3780    0.6564    0.4777    0.5547
    0.3800    0.6514    0.4860    0.5488
    0.3820    0.6464    0.4943    0.5429
    0.3840    0.6415    0.5027    0.5371
    0.3860    0.6366    0.5110    0.5313
    0.3880    0.6317    0.5193    0.5256
    0.3900    0.6268    0.5277    0.5200
    0.3920    0.6220    0.5360    0.5144
    0.3940    0.6172    0.5443    0.5088
    0.3960    0.6124    0.5527    0.5033
    0.3980    0.6077    0.5610    0.4979
    0.4000    0.6029    0.5693    0.4925
    0.4020    0.5983    0.5777    0.4871
    0.4040    0.5936    0.5860    0.4818
    0.4060    0.5890    0.5943    0.4766
    0.4080    0.5844    0.6027    0.4714
    0.4100    0.5798    0.6110    0.4662
    0.4120    0.5753    0.6193    0.4611
    0.4140    0.5708    0.6277    0.4561
    0.4160    0.5663    0.6360    0.4511
    0.4180    0.5618    0.6443    0.4461
    0.4200    0.5574    0.6527    0.4412
    0.4220    0.5530    0.6610    0.4363
    0.4240    0.5486    0.6693    0.4315
    0.4260    0.5443    0.6777    0.4267
    0.4280    0.5400    0.6860    0.4220
    0.4300    0.5357    0.6943    0.4173
    0.4320    0.5314    0.7027    0.4127
    0.4340    0.5272    0.7110    0.4081
    0.4360    0.5230    0.7193    0.4035
    0.4380    0.5188    0.7277    0.3990
    0.4400    0.5146    0.7360    0.3946
    0.4420    0.5105    0.7443    0.3901
    0.4440    0.5064    0.7527    0.3858
    0.4460    0.5023    0.7610    0.3814
    0.4480    0.4983    0.7693    0.3771
    0.4500    0.4943    0.7777    0.3729
    0.4520    0.4903    0.7860    0.3687
    0.4540    0.4863    0.7943    0.3645
    0.4560    0.4824    0.8027    0.3604
    0.4580    0.4785    0.8110    0.3563
    0.4600    0.4746    0.8193    0.3522
    0.4620    0.4707    0.8277    0.3482
    0.4640    0.4668    0.8360    0.3442
    0.4660    0.4630    0.8443    0.3403
    0.4680    0.4592    0.8527    0.3364
    0.4700    0.4555    0.8610    0.3325
    0.4720    0.4517    0.8693    0.3287
    0.4740    0.4480    0.8777    0.3249
    0.4760    0.4443    0.8860    0.3212
    0.4780    0.4407    0.8943    0.3175
    0.4800    0.4370    0.9027    0.3138
    0.4820    0.4334    0.9110    0.3102
    0.4840    0.4298    0.9193    0.3066
    0.4860    0.4263    0.9275    0.3031
    0.4880    0.4263    0.9275    0.3031
    0.4900    0.4263    0.9275    0.3031
    0.4920    0.4263    0.9275    0.3031
    0.4940    0.4263    0.9275    0.3031
    0.4960    0.4263    0.9275    0.3031
    0.4980    0.4263    0.9275    0.3031
    0.5000    0.4263    0.9275    0.3031
    0.5020    0.4263    0.9275    0.3031
    0.5040    0.4263    0.9275    0.3031
    0.5060    0.4263    0.9275    0.3031
    0.5080    0.4263    0.9275    0.3031
    0.5100    0.4263    0.9275    0.3031
    0.5120    0.4263    0.9275    0.3031
    0.5140    0.4263    0.9275    0.3031
    0.5160    0.4263    0.9275    0.3031
    0.5180    0.4263    0.9275    0.3031
    0.5200    0.4263    0.9275    0.3031
    0.5220    0.4263    0.9275    0.3031
    0.5240    0.4263    0.9275    0.3031
    0.5260    0.4263    0.9275    0.3031
    0.5280    0.4263    0.9275    0.3031
    0.5300    0.4263    0.9275    0.3031
    0.5320    0.4263    0.9275    0.3031
    0.5340    0.4263    0.9275    0.3031
    0.5360    0.4263    0.9275    0.3031
    0.5380    0.4263    0.9275    0.3031
    0.5400    0.4263    0.9275    0.3031
    0.5420    0.4263    0.9275    0.3031
    0.5440    0.4263    0.9275    0.3031
    0.5460    0.4263    0.9275    0.3031
    0.5480    0.4263    0.9275    0.3031
    0.5500    0.4263    0.9275    0.3031
    0.5520    0.4263    0.9275    0.3031
    0.5540    0.4263    0.9275    0.3031
    0.5560    0.4263    0.9275    0.3031
    0.5580    0.4263    0.9275    0.3031
    0.5600    0.4263    0.9275    0.3031
    0.5620    0.4263    0.9275    0.3031
    0.5640    0.4263    0.9275    0.3031
    0.5660    0.4263    0.9275    0.3031
    0.5680    0.4263    0.9275    0.3031
    0.5700    0.4263    0.9275    0.3031
    0.5720    0.4263    0.9275    0.3031
    0.5740    0.4263    0.9275    0.3031
    0.5760    0.4263    0.9275    0.3031
    0.5780    0.4263    0.9275    0.3031
    0.5800    0.4263    0.9275    0.3031
    0.5820    0.4263    0.9275    0.3031
    0.5840    0.4263    0.9275    0.3031
    0.5860    0.4263    0.9275    0.3031
    0.5880    0.4263    0.9275    0.3031
    0.5900    0.4263    0.9275    0.3031
    0.5920    0.4263    0.9275    0.3031
    0.5940    0.4263    0.9275    0.3031
    0.5960    0.4263    0.9275    0.3031
    0.5980    0.4263    0.9275    0.3031
    0.6000    0.4263    0.9275    0.3031
    0.6020    0.4263    0.9275    0.3031
    0.6040    0.4263    0.9275    0.3031
    0.6060    0.4263    0.9275    0.3031
    0.6080    0.4263    0.9275    0.3031
    0.6100    0.4263    0.9275    0.3031
    0.6120    0.4263    0.9275    0.3031
    0.6140    0.4263    0.9275    0.3031
    0.6160    0.4263    0.9275    0.3031
    0.6180    0.4263    0.9275    0.3031
    0.6200    0.4263    0.9275    0.3031
    0.6220    0.4263    0.9275    0.3031
    0.6240    0.4263    0.9275    0.3031
    0.6260    0.4263    0.9275    0.3031
    0.6280    0.4263    0.9275    0.3031
    0.6300    0.4263    0.9275    0.3031
    0.6320    0.4263    0.9275    0.3031
    0.6340    0.4263    0.9275    0.3031
    0.6360    0.4263    0.9275    0.3031
    0.6380    0.4263    0.9275    0.3031
    0.6400    0.4263    0.9275    0.3031
    0.6420    0.4263    0.9275    0.3031
    0.6440    0.4263    0.9275    0.3031
    0.6460    0.4263    0.9275    0.3031
    0.6480    0.4263    0.9275    0.3031
    0.6500    0.4263    0.9275    0.3031
    0.6520    0.4263    0.9275    0.3031
    0.6540    0.4263    0.9275    0.3031
    0.6560    0.4263    0.9275    0.3031
    0.6580    0.4263    0.9275    0.3031
    0.6600    0.4263    0.9275    0.3031
    0.6620    0.4263    0.9275    0.3031
    0.6640    0.4263    0.9275    0.3031
    0.6660    0.4263    0.9275    0.3031
    0.6680    0.4263    0.9275    0.3031
    0.6700    0.4263    0.9275    0.3031
    0.6720    0.4263    0.9275    0.3031
    0.6740    0.4263    0.9275    0.3031
    0.6760    0.4263    0.9275    0.3031
    0.6780    0.4263    0.9275    0.3031
    0.6800    0.4263    0.9275    0.3031
    0.6820    0.4263    0.9275    0.3031
    0.6840    0.4263    0.9275    0.3031
    0.6860    0.2656    0.9275    0.3031
    0.6880    0.2656    0.9275    0.3031
    0.6900    0.2656    0.9275    0.3031
    0.6920    0.2656    0.9275    0.3031
    0.6940    0.2656    0.9275    0.3031
    0.6960    0.2656    0.9275    0.3031
    0.6980    0.2656    0.9275    0.3031
    0.7000    0.2656    0.9275    0.3031
    0.7020    0.2656    0.9275    0.3031
    0.7040    0.2656    0.9275    0.3031
    0.7060    0.2656    0.9275    0.3031
    0.7080    0.2656    0.9275    0.3031
    0.7100    0.2656    0.9275    0.3031
    0.7120    0.2656    0.9275    0.3031
    0.7140    0.2656    0.9275    0.3031
    0.7160    0.2656    0.9275    0.3031
    0.7180    0.2656    0.9275    0.3031
    0.7200    0.2656    0.9275    0.3031
    0.7220    0.2656    0.9275    0.3031
    0.7240    0.2656    0.9275    0.3031
    0.7260    0.2656    0.9275    0.3031
    0.7280    0.2656    0.9275    0.3031
    0.7300    0.2656    0.9275    0.3031
    0.7320    0.2656    0.9275    0.3031
    0.7340    0.2656    0.9275    0.3031
    0.7360    0.2656    0.9275    0.3031
    0.7380    0.2656    0.9275    0.3031
    0.7400    0.2656    0.9275    0.3031
    0.7420    0.2656    0.9275    0.3031
    0.7440    0.2656    0.9275    0.3031
    0.7460    0.2656    0.9275    0.3031
    0.7480    0.2656    0.9275    0.3031
    0.7500    0.2656    0.9275    0.3031
    0.7520    0.2656    0.9275    0.3031
    0.7540    0.2656    0.9275    0.3031
    0.7560    0.2656    0.9275    0.3031
    0.7580    0.2656    0.9275    0.3031
    0.7600    0.2656    0.9275    0.3031
    0.7620    0.2656    0.9275    0.3031
    0.7640    0.2656    0.9275    0.3031
    0.7660    0.2656    0.9275    0.3031
    0.7680    0.2656    0.9275    0.3031
    0.7700    0.2656    0.9275    0.3031
    0.7720    0.2656    0.9275    0.3031
    0.7740    0.2656    0.9275    0.3031
    0.7760    0.2656    0.9275    0.3031
    0.7780    0.2656    0.9275    0.3031
    0.7800    0.2656    0.9275    0.3031
    0.7820    0.2656    0.9275    0.3031
    0.7840    0.2656    0.9275    0.3031
    0.7860    0.2656    0.9275    0.3031
    0.7880    0.2656    0.9275    0.3031
    0.7900    0.2656    0.9275    0.3031
    0.7920    0.2656    0.9275    0.3031
    0.7940    0.2656    0.9275    0.3031
    0.7960    0.2656    0.9275    0.3031
    0.7980    0.2656    0.9275    0.3031
    0.8000    0.2656    0.9275    0.3031
    0.8020    0.2656    0.9275    0.3031
    0.8040    0.2656    0.9275    0.3031
    0.8060    0.2656    0.9275    0.3031
    0.8080    0.2656    0.9275    0.3031
    0.8100    0.2656    0.9275    0.3031
    0.8120    0.2656    0.9275    0.3031
    0.8140    0.2656    0.9275    0.3031
    0.8160    0.2656    0.9275    0.3031
    0.8180    0.2656    0.9275    0.3031
    0.8200    0.2656    0.9275    0.3031
    0.8220    0.2656    0.9275    0.3031
    0.8240    0.2656    0.9275    0.3031
    0.8260    0.2656    0.9275    0.3031
    0.8280    0.2656    0.9275    0.3031
    0.8300    0.2656    0.9275    0.3031
    0.8320    0.2656    0.9275    0.3031
    0.8340    0.2656    0.9275    0.3031
    0.8360    0.2656    0.9275    0.3031
    0.8380    0.2656    0.9275    0.3031
    0.8400    0.2656    0.9275    0.3031
    0.8420    0.2656    0.9275    0.3031
    0.8440    0.2656    0.9275    0.3031
    0.8460    0.2656    0.9275    0.3031
    0.8480    0.2656    0.9275    0.3031
    0.8500    0.2656    0.9275    0.3031
    0.8520    0.1250         0    0.1000
    0.8540    0.1250         0    0.1000
    0.8560    0.1250         0    0.1000
    0.8580    0.1250         0    0.1000
    0.8600    0.1250         0    0.1000
    0.8620    0.1250         0    0.1000
    0.8640    0.1250         0    0.1000
    0.8660    0.1250         0    0.1000
    0.8680    0.1250         0    0.1000
    0.8700    0.1250         0    0.1000
    0.8720    0.1250         0    0.1000
    0.8740    0.1250         0    0.1000
    0.8760    0.1250         0    0.1000
    0.8780    0.1250         0    0.1000
    0.8800    0.1250         0    0.1000
    0.8820    0.1250         0    0.1000
    0.8840    0.1250         0    0.1000
    0.8860    0.1250         0    0.1000
    0.8880    0.1250         0    0.1000
    0.8900    0.1250         0    0.1000
    0.8920    0.1250         0    0.1000
    0.8940    0.1250         0    0.1000
    0.8960    0.1250         0    0.1000
    0.8980    0.1250         0    0.1000
    0.9000    0.1250         0    0.1000
    0.9020    0.1250         0    0.1000
    0.9040    0.1250         0    0.1000
    0.9060    0.1250         0    0.1000
    0.9080    0.1250         0    0.1000
    0.9100    0.1250         0    0.1000
    0.9120    0.1250         0    0.1000
    0.9140    0.1250         0    0.1000
    0.9160    0.1250         0    0.1000
    0.9180    0.1250         0    0.1000
    0.9200    0.1250         0    0.1000
    0.9220    0.1250         0    0.1000
    0.9240    0.1250         0    0.1000
    0.9260    0.1250         0    0.1000
    0.9280    0.1250         0    0.1000
    0.9300    0.1250         0    0.1000
    0.9320    0.1250         0    0.1000
    0.9340    0.1250         0    0.1000
    0.9360    0.1250         0    0.1000
    0.9380    0.1250         0    0.1000
    0.9400    0.1250         0    0.1000
    0.9420    0.1250         0    0.1000
    0.9440    0.1250         0    0.1000
    0.9460    0.1250         0    0.1000
    0.9480    0.1250         0    0.1000
    0.9500    0.1250         0    0.1000
    0.9520    0.1250         0    0.1000
    0.9540    0.1250         0    0.1000
    0.9560    0.1250         0    0.1000
    0.9580    0.1250         0    0.1000
    0.9600    0.1250         0    0.1000
    0.9620    0.1250         0    0.1000
    0.9640    0.1250         0    0.1000
    0.9660    0.1250         0    0.1000
    0.9680    0.1250         0    0.1000
    0.9700    0.1250         0    0.1000
    0.9720    0.1250         0    0.1000
    0.9740    0.1250         0    0.1000
    0.9760    0.1250         0    0.1000
    0.9780    0.1250         0    0.1000
    0.9800    0.1250         0    0.1000
    0.9820    0.1250         0    0.1000
    0.9840    0.1250         0    0.1000
    0.9860    0.1250         0    0.1000
    0.9880    0.1250         0    0.1000
    0.9900    0.1250         0    0.1000
    0.9920    0.1250         0    0.1000
    0.9940    0.1250         0    0.1000
    0.9960    0.1250         0    0.1000
    0.9980    0.1250         0    0.1000
    1.0000    0.1250         0    0.1000
