      x        rho           u     p
         0    1.0000         0    1.0000
    0.0020    1.0000         0    1.0000
    0.0040    1.0000         0    1.0000
    0.0060    1.0000         0    1.0000
    0.0080    1.0000         0    1.0000
    0.0100    1.0000         0    1.0000
    0.0120    1.0000         0    1.0000
    0.0140    1.0000         0    1.0000
    0.0160    1.0000         0    1.0000
    0.0180    1.0000         0    1.0000
    0.0200    1.0000         0    1.0000
    0.0220    1.0000         0    1.0000
    0.0240    1.0000         0    1.0000
    0.0260    1.0000         0    1.0000
    0.0280    1.0000         0    1.0000
    0.0300    1.0000         0    1.0000
    0.0320    1.0000         0    1.0000
    0.0340    1.0000         0    1.0000
    0.0360    1.0000         0    1.0000
    0.0380    1.0000         0    1.0000
    0.0400    1.0000         0    1.0000
    0.0420    1.0000         0    1.0000
    0.0440    1.0000         0    1.0000
    0.0460    1.0000         0    1.0000
    0.0480    1.0000         0    1.0000
    0.0500    1.0000         0    1.0000
    0.0520    1.0000         0    1.0000
    0.0540    1.0000         0    1.0000
    0.0560    1.0000         0    1.0000
    0.0580    1.0000         0    1.0000
    0.0600    1.0000         0    1.0000
    0.0620    1.0000         0    1.0000
    0.0640    1.0000         0    1.0000
    0.0660    1.0000         0    1.0000
    0.0680    1.0000         0    1.0000
    0.0700    1.0000         0    1.0000
    0.0720    1.0000         0    1.0000
    0.0740    1.0000         0    1.0000
    0.0760    1.0000         0    1.0000
    0.0780    1.0000         0    1.0000
    0.0800    1.0000         0    1.0000
    0.0820    1.0000         0    1.0000
    0.0840    1.0000         0    1.0000
    0.0860    1.0000         0    1.0000
    0.0880    1.0000         0    1.0000
    0.0900    1.0000         0    1.0000
    0.0920    1.0000         0    1.0000
    0.0940    1.0000         0    1.0000
    0.0960    1.0000         0    1.0000
    0.0980    1.0000         0    1.0000
    0.1000    1.0000         0    1.0000
    0.1020    1.0000         0    1.0000
    0.1040    1.0000         0    1.0000
    0.1060    1.0000         0    1.0000
    0.1080    1.0000         0    1.0000
    0.1100    1.0000         0    1.0000
    0.1120    1.0000         0    1.0000
    0.1140    1.0000         0    1.0000
    0.1160    1.0000         0    1.0000
    0.1180    1.0000         0    1.0000
    0.1200    1.0000         0    1.0000
    0.1220    1.0000         0    1.0000
    0.1240    1.0000         0    1.0000
    0.1260    1.0000         0    1.0000
    0.1280    1.0000         0    1.0000
    0.1300    1.0000         0    1.0000
    0.1320    1.0000         0    1.0000
    0.1340    1.0000         0    1.0000
    0.1360    1.0000         0    1.0000
    0.1380    1.0000         0    1.0000
    0.1400    1.0000         0    1.0000
    0.1420    1.0000         0    1.0000
    0.1440    1.0000         0    1.0000
    0.1460    1.0000         0    1.0000
    0.1480    1.0000         0    1.0000
    0.1500    1.0000         0    1.0000
    0.1520    1.0000         0    1.0000
    0.1540    1.0000         0    1.0000
    0.1560    1.0000         0    1.0000
    0.1580    1.0000         0    1.0000
    0.1600    1.0000         0    1.0000
    0.1620    1.0000         0    1.0000
    0.1640    1.0000         0    1.0000
    0.1660    1.0000         0    1.0000
    0.1680    1.0000         0    1.0000
    0.1700    1.0000         0    1.0000
    0.1720    1.0000         0    1.0000
    0.1740    1.0000         0    1.0000
    0.1760    1.0000         0    1.0000
    0.1780    1.0000         0    1.0000
    0.1800    1.0000         0    1.0000
    0.1820    1.0000         0    1.0000
    0.1840    1.0000         0    1.0000
    0.1860    1.0000         0    1.0000
    0.1880    1.0000         0    1.0000
    0.1900    1.0000         0    1.0000
    0.1920    1.0000         0    1.0000
    0.1940    1.0000         0    1.0000
    0.1960    1.0000         0    1.0000
    0.1980    1.0000         0    1.0000
    0.2000    1.0000         0    1.0000
    0.2020    1.0000         0    1.0000
    0.2040    1.0000         0    1.0000
    0.2060    1.0000         0    1.0000
    0.2080    1.0000         0    1.0000
    0.2100    1.0000         0    1.0000
    0.2120    1.0000         0    1.0000
    0.2140    1.0000         0    1.0000
    0.2160    1.0000         0    1.0000
    0.2180    1.0000         0    1.0000
    0.2200    1.0000         0    1.0000
    0.2220    1.0000         0    1.0000
    0.2240    1.0000         0    1.0000
    0.2260    1.0000         0    1.0000
    0.2280    1.0000         0    1.0000
    0.2300    1.0000         0    1.0000
    0.2320    1.0000         0    1.0000
    0.2340    1.0000         0    1.0000
    0.2360    1.0000         0    1.0000
    0.2380    1.0000         0    1.0000
    0.2400    1.0000         0    1.0000
    0.2420    1.0000         0    1.0000
    0.2440    1.0000         0    1.0000
    0.2460    1.0000         0    1.0000
    0.2480    1.0000         0    1.0000
    0.2500    1.0000         0    1.0000
    0.2520    1.0000         0    1.0000
    0.2540    1.0000         0    1.0000
    0.2560    1.0000         0    1.0000
    0.2580    1.0000    0.0001    1.0000
    0.2600    0.9999    0.0012    0.9998
    0.2620    0.9993    0.0054    0.9990
    0.2640    0.9936    0.0088    0.9911
    0.2660    0.9877    0.0149    0.9829
    0.2680    0.9816    0.0222    0.9743
    0.2700    0.9750    0.0297    0.9652
    0.2720    0.9685    0.0377    0.9562
    0.2740    0.9618    0.0457    0.9470
    0.2760    0.9553    0.0539    0.9380
    0.2780    0.9487    0.0622    0.9290
    0.2800    0.9422    0.0704    0.9200
    0.2820    0.9355    0.0786    0.9109
    0.2840    0.9287    0.0865    0.9016
    0.2860    0.9223    0.0948    0.8929
    0.2880    0.9160    0.1034    0.8844
    0.2900    0.9093    0.1114    0.8753
    0.2920    0.9027    0.1195    0.8665
    0.2940    0.8965    0.1281    0.8581
    0.2960    0.8901    0.1364    0.8497
    0.2980    0.8836    0.1444    0.8409
    0.3000    0.8773    0.1529    0.8326
    0.3020    0.8712    0.1613    0.8244
    0.3040    0.8646    0.1693    0.8158
    0.3060    0.8586    0.1779    0.8079
    0.3080    0.8523    0.1860    0.7996
    0.3100    0.8461    0.1943    0.7914
    0.3120    0.8401    0.2027    0.7836
    0.3140    0.8339    0.2109    0.7755
    0.3160    0.8280    0.2194    0.7678
    0.3180    0.8218    0.2274    0.7598
    0.3200    0.8160    0.2360    0.7522
    0.3220    0.8098    0.2440    0.7443
    0.3240    0.8041    0.2527    0.7370
    0.3260    0.7980    0.2607    0.7292
    0.3280    0.7924    0.2693    0.7220
    0.3300    0.7864    0.2773    0.7143
    0.3320    0.7808    0.2859    0.7072
    0.3340    0.7749    0.2940    0.6997
    0.3360    0.7694    0.3026    0.6928
    0.3380    0.7635    0.3106    0.6853
    0.3400    0.7580    0.3192    0.6785
    0.3420    0.7522    0.3272    0.6712
    0.3440    0.7468    0.3358    0.6645
    0.3460    0.7411    0.3439    0.6574
    0.3480    0.7357    0.3524    0.6507
    0.3500    0.7302    0.3606    0.6438
    0.3520    0.7247    0.3689    0.6371
    0.3540    0.7194    0.3775    0.6306
    0.3560    0.7138    0.3854    0.6238
    0.3580    0.7086    0.3940    0.6174
    0.3600    0.7032    0.4022    0.6108
    0.3620    0.6979    0.4105    0.6044
    0.3640    0.6927    0.4189    0.5981
    0.3660    0.6874    0.4271    0.5917
    0.3680    0.6824    0.4357    0.5856
    0.3700    0.6770    0.4437    0.5792
    0.3720    0.6721    0.4523    0.5733
    0.3740    0.6669    0.4604    0.5671
    0.3760    0.6618    0.4688    0.5611
    0.3780    0.6569    0.4772    0.5552
    0.3800    0.6517    0.4853    0.5491
    0.3820    0.6469    0.4939    0.5435
    0.3840    0.6418    0.5020    0.5375
    0.3860    0.6370    0.5104    0.5318
    0.3880    0.6321    0.5188    0.5262
    0.3900    0.6272    0.5268    0.5204
    0.3920    0.6225    0.5354    0.5149
    0.3940    0.6177    0.5435    0.5093
    0.3960    0.6129    0.5518    0.5038
    0.3980    0.6082    0.5603    0.4985
    0.4000    0.6034    0.5684    0.4929
    0.4020    0.5987    0.5768    0.4876
    0.4040    0.5942    0.5853    0.4825
    0.4060    0.5894    0.5934    0.4771
    0.4080    0.5849    0.6018    0.4719
    0.4100    0.5804    0.6102    0.4669
    0.4120    0.5757    0.6183    0.4616
    0.4140    0.5712    0.6268    0.4567
    0.4160    0.5668    0.6351    0.4517
    0.4180    0.5623    0.6433    0.4466
    0.4200    0.5580    0.6518    0.4418
    0.4220    0.5535    0.6600    0.4369
    0.4240    0.5491    0.6683    0.4321
    0.4260    0.5449    0.6768    0.4274
    0.4280    0.5405    0.6849    0.4226
    0.4300    0.5362    0.6933    0.4179
    0.4320    0.5320    0.7017    0.4134
    0.4340    0.5277    0.7098    0.4086
    0.4360    0.5236    0.7182    0.4041
    0.4380    0.5194    0.7267    0.3997
    0.4400    0.5152    0.7347    0.3951
    0.4420    0.5111    0.7432    0.3908
    0.4440    0.5070    0.7516    0.3864
    0.4460    0.5029    0.7597    0.3820
    0.4480    0.4989    0.7681    0.3778
    0.4500    0.4949    0.7765    0.3736
    0.4520    0.4909    0.7846    0.3693
    0.4540    0.4869    0.7929    0.3651
    0.4560    0.4831    0.8014    0.3611
    0.4580    0.4791    0.8095    0.3570
    0.4600    0.4752    0.8177    0.3529
    0.4620    0.4715    0.8262    0.3490
    0.4640    0.4677    0.8344    0.3451
    0.4660    0.4638    0.8425    0.3411
    0.4680    0.4601    0.8509    0.3373
    0.4700    0.4564    0.8591    0.3335
    0.4720    0.4526    0.8671    0.3296
    0.4740    0.4490    0.8755    0.3260
    0.4760    0.4454    0.8836    0.3224
    0.4780    0.4418    0.8915    0.3187
    0.4800    0.4384    0.8995    0.3152
    0.4820    0.4351    0.9073    0.3119
    0.4840    0.4319    0.9143    0.3087
    0.4860    0.4294    0.9203    0.3062
    0.4880    0.4279    0.9239    0.3048
    0.4900    0.4274    0.9248    0.3042
    0.4920    0.4274    0.9249    0.3042
    0.4940    0.4274    0.9251    0.3042
    0.4960    0.4274    0.9250    0.3042
    0.4980    0.4273    0.9249    0.3041
    0.5000    0.4274    0.9251    0.3042
    0.5020    0.4274    0.9251    0.3042
    0.5040    0.4273    0.9249    0.3041
    0.5060    0.4273    0.9251    0.3041
    0.5080    0.4273    0.9254    0.3041
    0.5100    0.4272    0.9255    0.3040
    0.5120    0.4271    0.9253    0.3039
    0.5140    0.4276    0.9246    0.3044
    0.5160    0.4279    0.9240    0.3047
    0.5180    0.4275    0.9243    0.3044
    0.5200    0.4274    0.9247    0.3042
    0.5220    0.4275    0.9249    0.3043
    0.5240    0.4274    0.9248    0.3043
    0.5260    0.4274    0.9247    0.3042
    0.5280    0.4275    0.9249    0.3043
    0.5300    0.4275    0.9249    0.3043
    0.5320    0.4274    0.9247    0.3042
    0.5340    0.4275    0.9249    0.3043
    0.5360    0.4274    0.9249    0.3043
    0.5380    0.4274    0.9247    0.3042
    0.5400    0.4274    0.9248    0.3043
    0.5420    0.4275    0.9249    0.3043
    0.5440    0.4274    0.9247    0.3042
    0.5460    0.4274    0.9248    0.3042
    0.5480    0.4275    0.9249    0.3043
    0.5500    0.4274    0.9247    0.3042
    0.5520    0.4274    0.9247    0.3042
    0.5540    0.4275    0.9249    0.3043
    0.5560    0.4274    0.9248    0.3043
    0.5580    0.4274    0.9247    0.3042
    0.5600    0.4275    0.9249    0.3043
    0.5620    0.4275    0.9249    0.3043
    0.5640    0.4274    0.9247    0.3042
    0.5660    0.4274    0.9247    0.3042
    0.5680    0.4275    0.9249    0.3043
    0.5700    0.4274    0.9248    0.3043
    0.5720    0.4274    0.9247    0.3042
    0.5740    0.4275    0.9249    0.3043
    0.5760    0.4275    0.9249    0.3043
    0.5780    0.4274    0.9247    0.3042
    0.5800    0.4274    0.9248    0.3042
    0.5820    0.4275    0.9250    0.3043
    0.5840    0.4274    0.9248    0.3042
    0.5860    0.4274    0.9247    0.3042
    0.5880    0.4275    0.9249    0.3043
    0.5900    0.4275    0.9248    0.3043
    0.5920    0.4274    0.9247    0.3042
    0.5940    0.4275    0.9249    0.3043
    0.5960    0.4275    0.9249    0.3043
    0.5980    0.4274    0.9247    0.3042
    0.6000    0.4274    0.9248    0.3043
    0.6020    0.4275    0.9249    0.3043
    0.6040    0.4274    0.9247    0.3042
    0.6060    0.4274    0.9248    0.3042
    0.6080    0.4275    0.9249    0.3043
    0.6100    0.4274    0.9248    0.3042
    0.6120    0.4274    0.9247    0.3042
    0.6140    0.4275    0.9249    0.3043
    0.6160    0.4275    0.9249    0.3043
    0.6180    0.4274    0.9247    0.3042
    0.6200    0.4274    0.9248    0.3042
    0.6220    0.4275    0.9250    0.3043
    0.6240    0.4274    0.9248    0.3042
    0.6260    0.4274    0.9246    0.3042
    0.6280    0.4275    0.9249    0.3043
    0.6300    0.4275    0.9249    0.3043
    0.6320    0.4274    0.9247    0.3042
    0.6340    0.4274    0.9248    0.3042
    0.6360    0.4275    0.9250    0.3043
    0.6380    0.4274    0.9247    0.3042
    0.6400    0.4274    0.9247    0.3042
    0.6420    0.4275    0.9249    0.3043
    0.6440    0.4274    0.9247    0.3042
    0.6460    0.4274    0.9247    0.3042
    0.6480    0.4275    0.9249    0.3043
    0.6500    0.4274    0.9248    0.3042
    0.6520    0.4274    0.9247    0.3042
    0.6540    0.4275    0.9249    0.3043
    0.6560    0.4274    0.9248    0.3043
    0.6580    0.4274    0.9247    0.3042
    0.6600    0.4275    0.9249    0.3043
    0.6620    0.4275    0.9249    0.3043
    0.6640    0.4274    0.9247    0.3042
    0.6660    0.4274    0.9248    0.3042
    0.6680    0.4275    0.9249    0.3043
    0.6700    0.4274    0.9247    0.3042
    0.6720    0.4274    0.9247    0.3042
    0.6740    0.4274    0.9250    0.3043
    0.6760    0.4274    0.9248    0.3043
    0.6780    0.4273    0.9247    0.3042
    0.6800    0.4270    0.9249    0.3043
    0.6820    0.4205    0.9249    0.3043
    0.6840    0.3752    0.9247    0.3042
    0.6860    0.3027    0.9247    0.3042
    0.6880    0.2752    0.9250    0.3043
    0.6900    0.2701    0.9249    0.3043
    0.6920    0.2695    0.9246    0.3042
    0.6940    0.2695    0.9248    0.3042
    0.6960    0.2695    0.9250    0.3043
    0.6980    0.2695    0.9248    0.3042
    0.7000    0.2694    0.9247    0.3042
    0.7020    0.2695    0.9250    0.3043
    0.7040    0.2695    0.9250    0.3043
    0.7060    0.2694    0.9247    0.3042
    0.7080    0.2695    0.9248    0.3042
    0.7100    0.2695    0.9250    0.3043
    0.7120    0.2695    0.9248    0.3042
    0.7140    0.2694    0.9247    0.3042
    0.7160    0.2695    0.9249    0.3043
    0.7180    0.2695    0.9250    0.3043
    0.7200    0.2694    0.9247    0.3042
    0.7220    0.2694    0.9246    0.3042
    0.7240    0.2695    0.9249    0.3043
    0.7260    0.2695    0.9250    0.3043
    0.7280    0.2695    0.9247    0.3042
    0.7300    0.2694    0.9246    0.3042
    0.7320    0.2695    0.9249    0.3043
    0.7340    0.2695    0.9250    0.3043
    0.7360    0.2694    0.9247    0.3042
    0.7380    0.2694    0.9246    0.3042
    0.7400    0.2695    0.9250    0.3043
    0.7420    0.2695    0.9249    0.3043
    0.7440    0.2694    0.9246    0.3042
    0.7460    0.2695    0.9248    0.3042
    0.7480    0.2695    0.9250    0.3043
    0.7500    0.2694    0.9247    0.3042
    0.7520    0.2694    0.9247    0.3042
    0.7540    0.2695    0.9250    0.3043
    0.7560    0.2695    0.9248    0.3043
    0.7580    0.2694    0.9246    0.3042
    0.7600    0.2695    0.9248    0.3042
    0.7620    0.2695    0.9250    0.3043
    0.7640    0.2694    0.9247    0.3042
    0.7660    0.2694    0.9247    0.3042
    0.7680    0.2695    0.9250    0.3043
    0.7700    0.2695    0.9248    0.3042
    0.7720    0.2694    0.9246    0.3042
    0.7740    0.2695    0.9248    0.3043
    0.7760    0.2695    0.9249    0.3043
    0.7780    0.2694    0.9247    0.3042
    0.7800    0.2694    0.9247    0.3042
    0.7820    0.2695    0.9250    0.3043
    0.7840    0.2695    0.9249    0.3043
    0.7860    0.2694    0.9246    0.3042
    0.7880    0.2695    0.9248    0.3043
    0.7900    0.2695    0.9249    0.3043
    0.7920    0.2694    0.9247    0.3042
    0.7940    0.2694    0.9246    0.3042
    0.7960    0.2695    0.9250    0.3043
    0.7980    0.2695    0.9249    0.3043
    0.8000    0.2694    0.9246    0.3042
    0.8020    0.2695    0.9248    0.3042
    0.8040    0.2695    0.9250    0.3043
    0.8060    0.2695    0.9249    0.3043
    0.8080    0.2694    0.9246    0.3042
    0.8100    0.2694    0.9247    0.3042
    0.8120    0.2695    0.9250    0.3043
    0.8140    0.2695    0.9248    0.3043
    0.8160    0.2694    0.9246    0.3042
    0.8180    0.2695    0.9249    0.3043
    0.8200    0.2695    0.9250    0.3043
    0.8220    0.2694    0.9246    0.3042
    0.8240    0.2694    0.9247    0.3042
    0.8260    0.2695    0.9250    0.3043
    0.8280    0.2695    0.9248    0.3042
    0.8300    0.2694    0.9246    0.3042
    0.8320    0.2695    0.9249    0.3043
    0.8340    0.2695    0.9249    0.3043
    0.8360    0.2694    0.9245    0.3041
    0.8380    0.2641    0.8997    0.2959
    0.8400    0.1250         0    0.1000
    0.8420    0.1250         0    0.1000
    0.8440    0.1250         0    0.1000
    0.8460    0.1250         0    0.1000
    0.8480    0.1250         0    0.1000
    0.8500    0.1250         0    0.1000
    0.8520    0.1250         0    0.1000
    0.8540    0.1250         0    0.1000
    0.8560    0.1250         0    0.1000
    0.8580    0.1250         0    0.1000
    0.8600    0.1250         0    0.1000
    0.8620    0.1250         0    0.1000
    0.8640    0.1250         0    0.1000
    0.8660    0.1250         0    0.1000
    0.8680    0.1250         0    0.1000
    0.8700    0.1250         0    0.1000
    0.8720    0.1250         0    0.1000
    0.8740    0.1250         0    0.1000
    0.8760    0.1250         0    0.1000
    0.8780    0.1250         0    0.1000
    0.8800    0.1250         0    0.1000
    0.8820    0.1250         0    0.1000
    0.8840    0.1250         0    0.1000
    0.8860    0.1250         0    0.1000
    0.8880    0.1250         0    0.1000
    0.8900    0.1250         0    0.1000
    0.8920    0.1250         0    0.1000
    0.8940    0.1250         0    0.1000
    0.8960    0.1250         0    0.1000
    0.8980    0.1250         0    0.1000
    0.9000    0.1250         0    0.1000
    0.9020    0.1250         0    0.1000
    0.9040    0.1250         0    0.1000
    0.9060    0.1250         0    0.1000
    0.9080    0.1250         0    0.1000
    0.9100    0.1250         0    0.1000
    0.9120    0.1250         0    0.1000
    0.9140    0.1250         0    0.1000
    0.9160    0.1250         0    0.1000
    0.9180    0.1250         0    0.1000
    0.9200    0.1250         0    0.1000
    0.9220    0.1250         0    0.1000
    0.9240    0.1250         0    0.1000
    0.9260    0.1250         0    0.1000
    0.9280    0.1250         0    0.1000
    0.9300    0.1250         0    0.1000
    0.9320    0.1250         0    0.1000
    0.9340    0.1250         0    0.1000
    0.9360    0.1250         0    0.1000
    0.9380    0.1250         0    0.1000
    0.9400    0.1250         0    0.1000
    0.9420    0.1250         0    0.1000
    0.9440    0.1250         0    0.1000
    0.9460    0.1250         0    0.1000
    0.9480    0.1250         0    0.1000
    0.9500    0.1250         0    0.1000
    0.9520    0.1250         0    0.1000
    0.9540    0.1250         0    0.1000
    0.9560    0.1250         0    0.1000
    0.9580    0.1250         0    0.1000
    0.9600    0.1250         0    0.1000
    0.9620    0.1250         0    0.1000
    0.9640    0.1250         0    0.1000
    0.9660    0.1250         0    0.1000
    0.9680    0.1250         0    0.1000
    0.9700    0.1250         0    0.1000
    0.9720    0.1250         0    0.1000
    0.9740    0.1250         0    0.1000
    0.9760    0.1250         0    0.1000
    0.9780    0.1250         0    0.1000
    0.9800    0.1250         0    0.1000
    0.9820    0.1250         0    0.1000
    0.9840    0.1250         0    0.1000
    0.9860    0.1250         0    0.1000
    0.9880    0.1250         0    0.1000
    0.9900    0.1250         0    0.1000
    0.9920    0.1250         0    0.1000
    0.9940    0.1250         0    0.1000
    0.9960    0.1250         0    0.1000
    0.9980    0.1250         0    0.1000
    1.0000    0.1250         0    0.1000
