      x        rho           u     p
         0    1.0000         0    1.0000
    0.0020    1.0000         0    1.0000
    0.0040    1.0000         0    1.0000
    0.0060    1.0000         0    1.0000
    0.0080    1.0000         0    1.0000
    0.0100    1.0000         0    1.0000
    0.0120    1.0000         0    1.0000
    0.0140    1.0000         0    1.0000
    0.0160    1.0000         0    1.0000
    0.0180    1.0000         0    1.0000
    0.0200    1.0000         0    1.0000
    0.0220    1.0000         0    1.0000
    0.0240    1.0000         0    1.0000
    0.0260    1.0000         0    1.0000
    0.0280    1.0000         0    1.0000
    0.0300    1.0000         0    1.0000
    0.0320    1.0000         0    1.0000
    0.0340    1.0000         0    1.0000
    0.0360    1.0000         0    1.0000
    0.0380    1.0000         0    1.0000
    0.0400    1.0000         0    1.0000
    0.0420    1.0000         0    1.0000
    0.0440    1.0000         0    1.0000
    0.0460    1.0000         0    1.0000
    0.0480    1.0000         0    1.0000
    0.0500    1.0000         0    1.0000
    0.0520    1.0000         0    1.0000
    0.0540    1.0000         0    1.0000
    0.0560    1.0000         0    1.0000
    0.0580    1.0000         0    1.0000
    0.0600    1.0000         0    1.0000
    0.0620    1.0000         0    1.0000
    0.0640    1.0000         0    1.0000
    0.0660    1.0000         0    1.0000
    0.0680    1.0000         0    1.0000
    0.0700    1.0000         0    1.0000
    0.0720    1.0000         0    1.0000
    0.0740    1.0000         0    1.0000
    0.0760    1.0000         0    1.0000
    0.0780    1.0000         0    1.0000
    0.0800    1.0000         0    1.0000
    0.0820    1.0000         0    1.0000
    0.0840    1.0000         0    1.0000
    0.0860    1.0000         0    1.0000
    0.0880    1.0000         0    1.0000
    0.0900    1.0000         0    1.0000
    0.0920    1.0000         0    1.0000
    0.0940    1.0000         0    1.0000
    0.0960    1.0000         0    1.0000
    0.0980    1.0000         0    1.0000
    0.1000    1.0000         0    1.0000
    0.1020    1.0000         0    1.0000
    0.1040    1.0000         0    1.0000
    0.1060    1.0000         0    1.0000
    0.1080    1.0000         0    1.0000
    0.1100    1.0000         0    1.0000
    0.1120    1.0000         0    1.0000
    0.1140    1.0000         0    1.0000
    0.1160    1.0000         0    1.0000
    0.1180    1.0000         0    1.0000
    0.1200    1.0000         0    1.0000
    0.1220    1.0000         0    1.0000
    0.1240    1.0000         0    1.0000
    0.1260    1.0000         0    1.0000
    0.1280    1.0000         0    1.0000
    0.1300    1.0000         0    1.0000
    0.1320    1.0000         0    1.0000
    0.1340    1.0000         0    1.0000
    0.1360    1.0000         0    1.0000
    0.1380    1.0000         0    1.0000
    0.1400    1.0000         0    1.0000
    0.1420    1.0000         0    1.0000
    0.1440    1.0000         0    1.0000
    0.1460    1.0000         0    1.0000
    0.1480    1.0000         0    1.0000
    0.1500    1.0000         0    1.0000
    0.1520    1.0000         0    1.0000
    0.1540    1.0000         0    1.0000
    0.1560    1.0000         0    1.0000
    0.1580    1.0000         0    1.0000
    0.1600    1.0000         0    1.0000
    0.1620    1.0000         0    1.0000
    0.1640    1.0000         0    1.0000
    0.1660    1.0000         0    1.0000
    0.1680    1.0000         0    1.0000
    0.1700    1.0000         0    1.0000
    0.1720    1.0000         0    1.0000
    0.1740    1.0000         0    1.0000
    0.1760    1.0000         0    1.0000
    0.1780    1.0000         0    1.0000
    0.1800    1.0000         0    1.0000
    0.1820    1.0000         0    1.0000
    0.1840    1.0000         0    1.0000
    0.1860    1.0000         0    1.0000
    0.1880    1.0000         0    1.0000
    0.1900    1.0000         0    1.0000
    0.1920    1.0000         0    1.0000
    0.1940    1.0000         0    1.0000
    0.1960    1.0000         0    1.0000
    0.1980    1.0000         0    1.0000
    0.2000    1.0000         0    1.0000
    0.2020    1.0000         0    1.0000
    0.2040    1.0000         0    1.0000
    0.2060    1.0000         0    1.0000
    0.2080    1.0000         0    1.0000
    0.2100    1.0000         0    1.0000
    0.2120    1.0000         0    1.0000
    0.2140    1.0000         0    1.0000
    0.2160    1.0000         0    1.0000
    0.2180    1.0000         0    1.0000
    0.2200    1.0000         0    1.0000
    0.2220    1.0000         0    1.0000
    0.2240    1.0000         0    1.0000
    0.2260    1.0000         0    1.0000
    0.2280    1.0000         0    1.0000
    0.2300    1.0000         0    1.0000
    0.2320    1.0000         0    1.0000
    0.2340    0.9999    0.0001    0.9999
    0.2360    0.9999    0.0001    0.9999
    0.2380    0.9998    0.0002    0.9997
    0.2400    0.9996    0.0004    0.9995
    0.2420    0.9994    0.0008    0.9991
    0.2440    0.9989    0.0013    0.9985
    0.2460    0.9983    0.0020    0.9976
    0.2480    0.9974    0.0031    0.9963
    0.2500    0.9961    0.0046    0.9945
    0.2520    0.9944    0.0066    0.9922
    0.2540    0.9924    0.0090    0.9894
    0.2560    0.9899    0.0120    0.9859
    0.2580    0.9870    0.0155    0.9818
    0.2600    0.9836    0.0195    0.9771
    0.2620    0.9799    0.0240    0.9719
    0.2640    0.9758    0.0289    0.9662
    0.2660    0.9714    0.0343    0.9601
    0.2680    0.9667    0.0400    0.9536
    0.2700    0.9617    0.0460    0.9468
    0.2720    0.9566    0.0523    0.9398
    0.2740    0.9513    0.0588    0.9325
    0.2760    0.9458    0.0655    0.9250
    0.2780    0.9402    0.0724    0.9174
    0.2800    0.9346    0.0795    0.9096
    0.2820    0.9288    0.0867    0.9018
    0.2840    0.9230    0.0940    0.8939
    0.2860    0.9171    0.1014    0.8860
    0.2880    0.9112    0.1089    0.8780
    0.2900    0.9053    0.1165    0.8700
    0.2920    0.8994    0.1241    0.8621
    0.2940    0.8934    0.1318    0.8541
    0.2960    0.8874    0.1396    0.8461
    0.2980    0.8814    0.1474    0.8381
    0.3000    0.8755    0.1552    0.8302
    0.3020    0.8695    0.1631    0.8223
    0.3040    0.8635    0.1710    0.8144
    0.3060    0.8576    0.1789    0.8065
    0.3080    0.8516    0.1869    0.7987
    0.3100    0.8457    0.1949    0.7910
    0.3120    0.8398    0.2029    0.7833
    0.3140    0.8339    0.2109    0.7756
    0.3160    0.8281    0.2190    0.7680
    0.3180    0.8222    0.2270    0.7604
    0.3200    0.8164    0.2351    0.7529
    0.3220    0.8106    0.2432    0.7454
    0.3240    0.8048    0.2513    0.7380
    0.3260    0.7991    0.2594    0.7306
    0.3280    0.7934    0.2675    0.7233
    0.3300    0.7877    0.2756    0.7161
    0.3320    0.7820    0.2838    0.7089
    0.3340    0.7764    0.2919    0.7017
    0.3360    0.7707    0.3000    0.6946
    0.3380    0.7652    0.3082    0.6876
    0.3400    0.7596    0.3164    0.6806
    0.3420    0.7541    0.3245    0.6737
    0.3440    0.7486    0.3327    0.6668
    0.3460    0.7431    0.3409    0.6600
    0.3480    0.7377    0.3491    0.6533
    0.3500    0.7322    0.3573    0.6466
    0.3520    0.7269    0.3655    0.6399
    0.3540    0.7215    0.3737    0.6334
    0.3560    0.7162    0.3819    0.6268
    0.3580    0.7109    0.3901    0.6203
    0.3600    0.7056    0.3983    0.6139
    0.3620    0.7004    0.4065    0.6076
    0.3640    0.6952    0.4147    0.6013
    0.3660    0.6900    0.4229    0.5950
    0.3680    0.6848    0.4311    0.5888
    0.3700    0.6797    0.4393    0.5827
    0.3720    0.6746    0.4475    0.5766
    0.3740    0.6696    0.4557    0.5705
    0.3760    0.6646    0.4640    0.5645
    0.3780    0.6596    0.4722    0.5586
    0.3800    0.6546    0.4804    0.5527
    0.3820    0.6496    0.4886    0.5469
    0.3840    0.6447    0.4968    0.5411
    0.3860    0.6399    0.5051    0.5354
    0.3880    0.6350    0.5133    0.5297
    0.3900    0.6302    0.5215    0.5241
    0.3920    0.6254    0.5297    0.5186
    0.3940    0.6206    0.5380    0.5130
    0.3960    0.6159    0.5462    0.5076
    0.3980    0.6112    0.5544    0.5022
    0.4000    0.6065    0.5626    0.4968
    0.4020    0.6019    0.5708    0.4915
    0.4040    0.5973    0.5790    0.4862
    0.4060    0.5927    0.5872    0.4810
    0.4080    0.5881    0.5955    0.4759
    0.4100    0.5836    0.6037    0.4707
    0.4120    0.5791    0.6119    0.4657
    0.4140    0.5746    0.6201    0.4607
    0.4160    0.5702    0.6282    0.4557
    0.4180    0.5658    0.6364    0.4508
    0.4200    0.5614    0.6446    0.4459
    0.4220    0.5571    0.6528    0.4411
    0.4240    0.5528    0.6610    0.4363
    0.4260    0.5485    0.6691    0.4316
    0.4280    0.5442    0.6773    0.4269
    0.4300    0.5400    0.6854    0.4223
    0.4320    0.5358    0.6936    0.4177
    0.4340    0.5316    0.7017    0.4132
    0.4360    0.5275    0.7098    0.4087
    0.4380    0.5234    0.7179    0.4043
    0.4400    0.5193    0.7260    0.3999
    0.4420    0.5153    0.7341    0.3956
    0.4440    0.5113    0.7421    0.3913
    0.4460    0.5074    0.7502    0.3870
    0.4480    0.5034    0.7582    0.3829
    0.4500    0.4995    0.7662    0.3787
    0.4520    0.4957    0.7741    0.3747
    0.4540    0.4919    0.7820    0.3706
    0.4560    0.4881    0.7899    0.3667
    0.4580    0.4844    0.7977    0.3628
    0.4600    0.4807    0.8055    0.3589
    0.4620    0.4771    0.8132    0.3552
    0.4640    0.4735    0.8209    0.3514
    0.4660    0.4700    0.8285    0.3478
    0.4680    0.4666    0.8360    0.3442
    0.4700    0.4632    0.8433    0.3408
    0.4720    0.4599    0.8506    0.3374
    0.4740    0.4566    0.8577    0.3341
    0.4760    0.4535    0.8647    0.3309
    0.4780    0.4505    0.8714    0.3278
    0.4800    0.4476    0.8779    0.3248
    0.4820    0.4448    0.8842    0.3220
    0.4840    0.4422    0.8901    0.3194
    0.4860    0.4397    0.8957    0.3169
    0.4880    0.4374    0.9009    0.3146
    0.4900    0.4353    0.9057    0.3125
    0.4920    0.4335    0.9100    0.3106
    0.4940    0.4319    0.9138    0.3090
    0.4960    0.4305    0.9170    0.3076
    0.4980    0.4293    0.9197    0.3065
    0.5000    0.4284    0.9218    0.3055
    0.5020    0.4277    0.9235    0.3048
    0.5040    0.4271    0.9247    0.3043
    0.5060    0.4267    0.9256    0.3039
    0.5080    0.4265    0.9262    0.3036
    0.5100    0.4263    0.9266    0.3035
    0.5120    0.4262    0.9269    0.3034
    0.5140    0.4261    0.9270    0.3033
    0.5160    0.4261    0.9271    0.3033
    0.5180    0.4261    0.9271    0.3033
    0.5200    0.4261    0.9271    0.3033
    0.5220    0.4261    0.9271    0.3033
    0.5240    0.4261    0.9271    0.3033
    0.5260    0.4261    0.9271    0.3033
    0.5280    0.4261    0.9271    0.3033
    0.5300    0.4260    0.9271    0.3033
    0.5320    0.4260    0.9271    0.3033
    0.5340    0.4260    0.9271    0.3033
    0.5360    0.4260    0.9271    0.3033
    0.5380    0.4260    0.9271    0.3033
    0.5400    0.4260    0.9271    0.3033
    0.5420    0.4260    0.9271    0.3033
    0.5440    0.4260    0.9271    0.3033
    0.5460    0.4260    0.9271    0.3033
    0.5480    0.4260    0.9271    0.3033
    0.5500    0.4260    0.9271    0.3033
    0.5520    0.4260    0.9271    0.3033
    0.5540    0.4260    0.9271    0.3033
    0.5560    0.4260    0.9271    0.3033
    0.5580    0.4260    0.9271    0.3033
    0.5600    0.4260    0.9271    0.3033
    0.5620    0.4260    0.9271    0.3033
    0.5640    0.4259    0.9271    0.3033
    0.5660    0.4259    0.9271    0.3033
    0.5680    0.4259    0.9271    0.3033
    0.5700    0.4259    0.9271    0.3033
    0.5720    0.4259    0.9271    0.3033
    0.5740    0.4259    0.9271    0.3033
    0.5760    0.4259    0.9271    0.3033
    0.5780    0.4259    0.9271    0.3033
    0.5800    0.4259    0.9271    0.3033
    0.5820    0.4259    0.9271    0.3033
    0.5840    0.4258    0.9271    0.3033
    0.5860    0.4258    0.9271    0.3033
    0.5880    0.4258    0.9271    0.3033
    0.5900    0.4258    0.9271    0.3033
    0.5920    0.4258    0.9271    0.3033
    0.5940    0.4258    0.9271    0.3033
    0.5960    0.4258    0.9271    0.3033
    0.5980    0.4258    0.9271    0.3033
    0.6000    0.4257    0.9271    0.3033
    0.6020    0.4257    0.9271    0.3033
    0.6040    0.4257    0.9271    0.3033
    0.6060    0.4257    0.9271    0.3033
    0.6080    0.4257    0.9271    0.3033
    0.6100    0.4257    0.9271    0.3033
    0.6120    0.4256    0.9271    0.3033
    0.6140    0.4256    0.9271    0.3033
    0.6160    0.4256    0.9271    0.3033
    0.6180    0.4256    0.9271    0.3033
    0.6200    0.4255    0.9271    0.3033
    0.6220    0.4255    0.9271    0.3033
    0.6240    0.4255    0.9271    0.3033
    0.6260    0.4255    0.9271    0.3033
    0.6280    0.4254    0.9271    0.3033
    0.6300    0.4254    0.9271    0.3033
    0.6320    0.4253    0.9271    0.3033
    0.6340    0.4253    0.9271    0.3033
    0.6360    0.4253    0.9271    0.3033
    0.6380    0.4252    0.9271    0.3033
    0.6400    0.4252    0.9271    0.3033
    0.6420    0.4251    0.9271    0.3033
    0.6440    0.4250    0.9271    0.3033
    0.6460    0.4250    0.9271    0.3033
    0.6480    0.4249    0.9271    0.3033
    0.6500    0.4248    0.9271    0.3033
    0.6520    0.4247    0.9271    0.3033
    0.6540    0.4245    0.9271    0.3033
    0.6560    0.4243    0.9271    0.3033
    0.6580    0.4240    0.9271    0.3033
    0.6600    0.4236    0.9271    0.3033
    0.6620    0.4229    0.9271    0.3033
    0.6640    0.4219    0.9271    0.3033
    0.6660    0.4203    0.9271    0.3033
    0.6680    0.4181    0.9271    0.3033
    0.6700    0.4148    0.9271    0.3033
    0.6720    0.4103    0.9271    0.3033
    0.6740    0.4043    0.9271    0.3033
    0.6760    0.3966    0.9271    0.3033
    0.6780    0.3873    0.9271    0.3033
    0.6800    0.3763    0.9271    0.3033
    0.6820    0.3640    0.9271    0.3033
    0.6840    0.3508    0.9271    0.3033
    0.6860    0.3374    0.9271    0.3033
    0.6880    0.3242    0.9271    0.3033
    0.6900    0.3120    0.9271    0.3033
    0.6920    0.3011    0.9271    0.3033
    0.6940    0.2918    0.9271    0.3033
    0.6960    0.2843    0.9271    0.3033
    0.6980    0.2785    0.9271    0.3033
    0.7000    0.2742    0.9271    0.3033
    0.7020    0.2712    0.9271    0.3033
    0.7040    0.2692    0.9271    0.3033
    0.7060    0.2679    0.9271    0.3033
    0.7080    0.2671    0.9271    0.3033
    0.7100    0.2666    0.9271    0.3033
    0.7120    0.2664    0.9271    0.3033
    0.7140    0.2662    0.9271    0.3033
    0.7160    0.2662    0.9271    0.3033
    0.7180    0.2661    0.9271    0.3033
    0.7200    0.2661    0.9271    0.3033
    0.7220    0.2661    0.9271    0.3033
    0.7240    0.2661    0.9271    0.3033
    0.7260    0.2661    0.9271    0.3033
    0.7280    0.2661    0.9271    0.3033
    0.7300    0.2661    0.9271    0.3033
    0.7320    0.2661    0.9271    0.3033
    0.7340    0.2661    0.9271    0.3033
    0.7360    0.2661    0.9271    0.3033
    0.7380    0.2661    0.9271    0.3033
    0.7400    0.2661    0.9271    0.3033
    0.7420    0.2661    0.9271    0.3033
    0.7440    0.2661    0.9271    0.3033
    0.7460    0.2661    0.9271    0.3033
    0.7480    0.2661    0.9271    0.3033
    0.7500    0.2661    0.9271    0.3033
    0.7520    0.2661    0.9271    0.3033
    0.7540    0.2661    0.9271    0.3033
    0.7560    0.2661    0.9271    0.3033
    0.7580    0.2661    0.9271    0.3033
    0.7600    0.2661    0.9271    0.3033
    0.7620    0.2661    0.9271    0.3033
    0.7640    0.2661    0.9271    0.3033
    0.7660    0.2661    0.9271    0.3033
    0.7680    0.2661    0.9271    0.3033
    0.7700    0.2661    0.9271    0.3033
    0.7720    0.2661    0.9271    0.3033
    0.7740    0.2661    0.9271    0.3033
    0.7760    0.2661    0.9271    0.3033
    0.7780    0.2661    0.9271    0.3033
    0.7800    0.2661    0.9271    0.3033
    0.7820    0.2661    0.9271    0.3033
    0.7840    0.2661    0.9271    0.3033
    0.7860    0.2661    0.9271    0.3033
    0.7880    0.2661    0.9271    0.3033
    0.7900    0.2661    0.9271    0.3033
    0.7920    0.2661    0.9271    0.3033
    0.7940    0.2661    0.9271    0.3033
    0.7960    0.2661    0.9271    0.3033
    0.7980    0.2661    0.9271    0.3033
    0.8000    0.2661    0.9271    0.3033
    0.8020    0.2661    0.9271    0.3033
    0.8040    0.2661    0.9271    0.3033
    0.8060    0.2661    0.9271    0.3033
    0.8080    0.2661    0.9271    0.3033
    0.8100    0.2661    0.9271    0.3033
    0.8120    0.2661    0.9271    0.3033
    0.8140    0.2661    0.9271    0.3033
    0.8160    0.2661    0.9271    0.3033
    0.8180    0.2661    0.9271    0.3033
    0.8200    0.2661    0.9271    0.3033
    0.8220    0.2661    0.9271    0.3033
    0.8240    0.2661    0.9271    0.3033
    0.8260    0.2661    0.9271    0.3033
    0.8280    0.2661    0.9271    0.3033
    0.8300    0.2661    0.9271    0.3033
    0.8320    0.2661    0.9271    0.3033
    0.8340    0.2661    0.9271    0.3033
    0.8360    0.2661    0.9271    0.3033
    0.8380    0.2661    0.9271    0.3033
    0.8400    0.2661    0.9271    0.3033
    0.8420    0.2661    0.9271    0.3033
    0.8440    0.2661    0.9271    0.3033
    0.8460    0.2661    0.9271    0.3033
    0.8480    0.2657    0.9249    0.3025
    0.8500    0.2355    0.7722    0.2550
    0.8520    0.1271    0.0174    0.1023
    0.8540    0.1250         0    0.1000
    0.8560    0.1250         0    0.1000
    0.8580    0.1250         0    0.1000
    0.8600    0.1250         0    0.1000
    0.8620    0.1250         0    0.1000
    0.8640    0.1250         0    0.1000
    0.8660    0.1250         0    0.1000
    0.8680    0.1250         0    0.1000
    0.8700    0.1250         0    0.1000
    0.8720    0.1250         0    0.1000
    0.8740    0.1250         0    0.1000
    0.8760    0.1250         0    0.1000
    0.8780    0.1250         0    0.1000
    0.8800    0.1250         0    0.1000
    0.8820    0.1250         0    0.1000
    0.8840    0.1250         0    0.1000
    0.8860    0.1250         0    0.1000
    0.8880    0.1250         0    0.1000
    0.8900    0.1250         0    0.1000
    0.8920    0.1250         0    0.1000
    0.8940    0.1250         0    0.1000
    0.8960    0.1250         0    0.1000
    0.8980    0.1250         0    0.1000
    0.9000    0.1250         0    0.1000
    0.9020    0.1250         0    0.1000
    0.9040    0.1250         0    0.1000
    0.9060    0.1250         0    0.1000
    0.9080    0.1250         0    0.1000
    0.9100    0.1250         0    0.1000
    0.9120    0.1250         0    0.1000
    0.9140    0.1250         0    0.1000
    0.9160    0.1250         0    0.1000
    0.9180    0.1250         0    0.1000
    0.9200    0.1250         0    0.1000
    0.9220    0.1250         0    0.1000
    0.9240    0.1250         0    0.1000
    0.9260    0.1250         0    0.1000
    0.9280    0.1250         0    0.1000
    0.9300    0.1250         0    0.1000
    0.9320    0.1250         0    0.1000
    0.9340    0.1250         0    0.1000
    0.9360    0.1250         0    0.1000
    0.9380    0.1250         0    0.1000
    0.9400    0.1250         0    0.1000
    0.9420    0.1250         0    0.1000
    0.9440    0.1250         0    0.1000
    0.9460    0.1250         0    0.1000
    0.9480    0.1250         0    0.1000
    0.9500    0.1250         0    0.1000
    0.9520    0.1250         0    0.1000
    0.9540    0.1250         0    0.1000
    0.9560    0.1250         0    0.1000
    0.9580    0.1250         0    0.1000
    0.9600    0.1250         0    0.1000
    0.9620    0.1250         0    0.1000
    0.9640    0.1250         0    0.1000
    0.9660    0.1250         0    0.1000
    0.9680    0.1250         0    0.1000
    0.9700    0.1250         0    0.1000
    0.9720    0.1250         0    0.1000
    0.9740    0.1250         0    0.1000
    0.9760    0.1250         0    0.1000
    0.9780    0.1250         0    0.1000
    0.9800    0.1250         0    0.1000
    0.9820    0.1250         0    0.1000
    0.9840    0.1250         0    0.1000
    0.9860    0.1250         0    0.1000
    0.9880    0.1250         0    0.1000
    0.9900    0.1250         0    0.1000
    0.9920    0.1250         0    0.1000
    0.9940    0.1250         0    0.1000
    0.9960    0.1250         0    0.1000
    0.9980    0.1250         0    0.1000
    1.0000    0.1250         0    0.1000
